9
16
28
41
48
71
95
124
139
164
176
190
198
218
234
262
274
312
340
378
390
416
427
447
467
486
516
532
560
589
603
630
647
660
667
679
688
697
713
717
724
731
745
760
790
818
846
871
891
907
923
934
961
971
989
1024
1042
1062
1099
1106
1141
1158
1170
1173
1183
1189
1203
1212
1220
1223
1233
1239
1256
1273
1276
1288
1296
1307
1319
1331
1343
1351
1360
1363
1367
1409
1425
1432
1439
1447
1455
1474
1485
1491
1511
1533
1544
1557
1578
1586
1594
1602
1613
1620
1629
1646
1670
1681
1699
1714
1720
1728
1733
1739
1754
1767
1771
1789
1801
1814
1830
1841
1846
1858
1871
1882
1889
1902
1910
1914
1928
1937
1941
1954
1967
1987
2000
2017
2036
2039
2046
2055
2063
2084
2104
2119
2129
2141
2154
2182
2190
2202
2206
2216
2234
2244
2254
2260
2274
2284
2294
2298
2307
2313
2318
2332
2354
2362
2380
2412
2421
2429
2447
2451
2459
2471
2479
2491
2515
2529
2559
2573
2584
2595
2609
2618
2621
2630
2651
2664
2681
2685
2701
2709
2713
2720
2726
2731
2750
2776
2780
2790
2803
2808
2822
2834
2847
2850
2860
2875
2882
2905
2908
2918
2926
2945
2952
2962
2968
2972
2977
2986
2990
3005
3035
3049
3069
3089
3095
3107
3114
3125
3135
3159
3171
3186
3194
3202
3212
3221
3228
3236
3240
3245
3251
3259
3284
3300
3310
3322
3332
3339
3348
3362
3369
3380
3392
3404
3410
3416
3426
3437
3450
3456
3466
3473
3481
3492
3519
3520
3530
3542
3582
3644
3648
3662
3678
3704
3743
3756
3765
3794
3820
3860
3882
3899
3907
3922
3934
3960
3964
3973
3985
3989
3999
4009
4025
4033
4061
4074
4090
4106
4116
4124
4137
4162
4175
4186
4191
4208
4217
4227
4243
4254
4277
4302
4309
4314
4326
4361
4407
4417
4431
4432
4458
4496
4521
4547
4566
4578
4585
4593
4615
4622
4629
4650
4681
4689
4707
4726
4754
4786
4794
4800
4830
4836
4847
4861
4869
4880
4889
4907
4914
4923
4933
4940
4943
4956
4967
4978
4985
4989
4994
5005
5014
5032
5047
5058
5063
5079
5085
5096
5103
5113
5133
5148
5156
5173
5179
5185
5197
5223
5234
5241
5256
5260
5282
5287
5299
5309
5315
5322
5330
5338
5346
5350
5359
5362
5380
5384
5393
5401
5408
5438
5452
5463
5474
5495
5518
5533
5545
5550
5563
5574
5579
5585
5592
5601
5606
5624
5644
5653
5665
5675
5688
5705
5710
5719
5732
5756
5765
5770
5777
5780
5792
5795
5807
5815
5832
5845
5852
5855
5860
5871
5878
5881
5886
5890
5896
5902
5908
5926
5936
5957
5970
5982
5991
5995
6000
6017
6031
6046
6074
6084
6097
6104
6111
6122
6132
6145
6160
6165
6168
6176
6205
6209
6218
6239
6258
6267
6274
6285
6294
6315
6327
6345
6350
6396
6405
6413
6423
6437
6456
6469
6499
6508
6530
6547
6553
6571
6581
6602
6623
6636
6643
6654
6659
6666
6682
6697
6716
6728
6734
6747
6764
6774
6789
6798
6816
6833
6851
6857
6869
6882
6891
6910
6915
6921
6927
6934
6943
6952
6957
6960
6970
6979
6982
6986
6990
7007
7016
7036
7042
7049
7059
7069
7073
7082
7086
7097
7107
7121
7142
7169
7181
7194
7210
7226
7229
7242
7246
7252
7262
7269
7277
7288
7298
7312
7326
7330
7341
7354
7381
7387
7402
7409
7427
7438
7445
7464
7475
7498
7503
7512
7526
7547
7566
7574
7591
7606
7611
7624
7634
7642
7648
7662
7678
7699
7716
7723
7734
7745
7750
7766
7782
7796
7843
7868
7894
7907
7919
7958
7970
7978
7985
7991
8000
8004
8005
8024
8026
8027
8046
8057
8081
8112
8124
8140
8154
8183
8193
8202
8228
8249
8261
8267
8285
8294
8328
8341
8364
8374
8380
8389
8397
8405
8412
8431
8437
8444
8461
8471
8479
8500
8515
8523
8529
8536
8550
8554
8562
8567
8576
8591
8596
8619
8642
8655
8665
8675
8680
8683
8698
8710
8715
8719
8725
8729
8742
8770
8797
8811
8816
8822
8846
8860
8866
8875
8891
8895
8902
8911
8923
8932
8953
8963
8978
8988
9005
9010
9021
9032
9040
9046
9066
9077
9086
9099
9106
9124
9144
9173
9176
9191
9204
9214
9240
9246
9263
9272
9292
9301
9321
9338
9348
9368
9380
9402
9410
9455
9499
9528
9536
9543
9559
9583
9604
9618
9627
9633
9642
9648
9655
9661
9682
9690
9700
9705
9710
9715
9728
9733
9743
9753
9760
9778
9787
9794
9799
9805
9830
9838
9881
9889
9909
9917
9931
9938
9950
9954
9960
9964
9969
9973
9984
9989
10001
10019
10030
10037
10042
10056
10063
10070
10079
10086
10095
10108
10117
10125
10128
10140
10152
10174
10189
10194
10201
10210
10223
10227
10246
10267
10281
10309
10323
10342
10350
10359
10374
10394
10401
10408
10419
10436
10458
10470
10486
10498
10502
10509
10520
10533
10537
10548
10561
10571
10581
10598
10606
10613
10627
10633
10641
10649
10656
10678
10683
10692
10712
10720
10727
10730
10736
10743
10763
10768
10773
10784
10792
10801
10808
10811
10813
10825
10836
10858
10882
10898
10905
10911
10925
10951
10957
10968
10985
10998
11010
11042
11051
11076
11088
11095
11131
11150
11168
11187
11194
11209
11218
11223
11235
11251
11269
11291
11298
11308
11321
11336
11357
11368
11373
11388
11396
11416
11426
11443
11449
11473
11491
11498
11508
11522
11545
11564
11571
11592
11593
11617
11639
11646
11658
11676
11684
11695
11698
11714
11729
11758
11784
11789
11822
11840
11854
11878
11896
11908
11937
11952
11983
11988
11993
12010
12022
12030
12045
12057
12075
12087
12110
12123
12128
12134
12141
12159
12166
12181
12190
12198
12212
12226
12232
12249
12268
12286
12298
12328
12339
12349
12392
12408
12436
12443
12468
12491
12501
12512
12524
12543
12553
12577
12618
12640
12664
12690
12704
12717
12722
12741
12766
12777
12796
12819
12846
12878
12908
12934
12965
13009
13057
13073
13103
13142
13150
13157
13177
13195
13223
13234
13247
13256
13277
13291
13311
13319
13324
13337
13360
13371
13391
13407
13426
13444
13452
13480
13501
13514
13552
13565
13589
13597
13623
13651
13667
13686
13699
13720
13726
13752
13765
13780
13786
13817
13840
13844
13852
13859
13881
13899
13916
13924
13941
13975
13990
13998
14029
14041
14047
14068
14085
14105
14122
14138
14146
14181
14199
14214
14255
14272
14291
14297
14303
14325
14338
14351
14356
14369
14377
14388
14399
14411
14424
14430
14456
14460
14464
14477
14501
14506
14519
14524
14531
14552
14564
14574
14586
14601
14609
14614
14623
14631
14641
14648
14662
14670
14674
14679
14686
14697
14703
14723
14727
14735
14742
14758
14766
14782
14801
14805
14831
14856
14859
14878
14885
14891
14908
14925
14950
14964
14975
14985
14991
15006
15013
15023
15034
15047
15052
15058
15069
15076
15083
15092
15095
15109
15119
15132
15172
15204
15219
15230
15245
15261
15285
15303
15328
15346
15360
15371
15393
15401
15412
15417
15439
15452
15458
15464
15486
15507
15521
15544
15561
15564
15574
15580
15594
15598
15616
15635
15639
15646
15667
15674
15679
15687
15691
15696
15701
15706
15719
15725
15743
15746
15753
15761
15768
15778
15784
15788
15796
15803
15809
15816
15823
15833
15837
15846
15854
15861
15870
15871
15878
15889
15895
15906
15913
15937
15944
15948
15950
15972
16000
16011
16022
16035
16061
16072
16088
16097
16120
16138
16179
16187
16197
16205
16222
16243
16260
16269
16293
16315
16324
16351
16375
16383
16399
16424
16436
16444
16458
16467
16473
16479
16499
16506
16521
16527
16535
16543
16555
16568
16573
16578
16588
16596
16607
16623
16633
16648
16675
16695
16733
16773
16825
16848
16858
16864
16897
16932
16945
16988
17032
17052
17072
17109
17135
17158
17187
17212
17235
17253
17268
17276
17285
17316
17350
17379
17392
17406
17431
17445
17455
17475
17512
17522
17560
17599
17634
17652
17663
17680
17695
17716
17733
17741
17762
17770
17794
17823
17853
17871
17876
17883
17891
17906
17932
17945
17971
17983
17992
18000
18009
18025
18045
18083
18091
18115
18140
18164
18187
18215
18234
18253
18268
18289
18319
18333
18347
18351
18355
18384
18411
18419
18438
18460
18491
18497
18505
18537
18560
18574
18588
18599
18627
18640
18651
18689
18702
18743
18777
18787
18803
18821
18848
18854
18858
18863
18883
18902
18927
18935
18943
18952
18964
18973
18990
19001
19023
19026
19038
19058
19072
19079
19085
19089
19105
19111
19118
19122
19131
19168
19178
19188
19203
19206
19209
19220
19233
19241
19257
19261
19270
19297
19313
19323
19331
19346
19360
19386
19400
19430
19446
19466
19476
19486
19498
19507
19515
19531
19552
19567
19588
19595
19601
19609
19637
19651
19658
19673
19689
19704
19709
19730
19751
19762
19765
19779
19791
19804
19820
19837
19859
19871
19895
19902
19910
19920
19926
19947
19951
19957
19961
19968
19975
19994
20015
20027
20038
20056
20068
20078
20089
20099
20112
20123
20131
20157
20171
20180
20217
20243
20253
20274
20287
20324
20346
20376
20397
20415
20424
20444
20466
20475
20483
20503
20511
20541
20552
20565
20574
20577
20589
20603
20613
20634
20650
20653
20675
20696
20706
20723
20736
20744
20748
20758
20761
20774
20787
20800
20808
20816
20828
20838
20845
20874
20889
20903
20906
20928
20945
20963
20982
20996
21014
21038
21044
21062
21070
21079
21091
21108
21120
21126
21134
21154
21165
21195
21230
21243
21259
21264
21274
21293
21320
21340
21354
21369
21377
21379
21382
21399
21405
21421
21425
21447
21466
21487
21517
21532
21556
21576
21602
21609
21623
21645
21658
21666
21677
21691
21708
21735
21753
21774
21784
21804
21819
21831
21847
21868
21878
21884
21896
21912
21924
21940
21947
21950
21960
21970
21992
22006
22023
22044
22053
22060
22067
22091
22105
22125
22133
22139
22151
22158
22166
22181
22192
22203
22212
22221
22222
22229
22232
22235
22243
22251
22252
22275
22289
22303
22326
22341
22357
22362
22379
22390
22396
22401
22411
22416
22423
22436
22446
22459
22466
22474
22486
22491
22502
22511
22523
22536
22547
22560
22570
22582
22595
22606
22627
22647
22654
22672
22690
22699
22706
22736
22746
22760
22767
22788
22794
22804
22817
22825
22841
22861
22869
22879
22885
22890
22898
22909
22921
22935
22943
22961
22985
22990
23004
23011
23021
23036
23051
23058
23067
23076
23082
23092
23105
23119
23138
23161
23177
23187
23196
23205
23214
23223
23240
23247
23262
23276
23290
23304
23313
23320
23327
23338
23348
23352
23358
23379
23389
23398
23412
23417
23420
23426
23433
23436
23447
23453
23459
23465
23475
23487
23503
23526
23541
23551
23558
23567
23581
23590
23609
23624
23632
23645
23661
23675
23693
23715
23721
23742
23762
23783
23796
23808
23822
23828
23856
23885
23897
23906
23918
23929
23946
23969
23982
23993
24017
24031
24053
24067
24088
24102
24112
24119
24130
24152
24161
24180
24213
24222
24225
24233
24250
24285
24300
24315
24318
24326
24332
24346
24358
24372
24389
24423
24473
24481
24498
24516
24523
24560
24568
24575
24596
24610
24613
24626
24641
24647
24662
24688
24704
24727
24748
24773
24782
24799
24838
24862
24907
24928
24947
24973
24994
25010
25020
25029
25032
25039
25049
25071
25096
25119
25129
25139
25161
25187
25217
25234
25247
25266
25282
25292
25318
25332
25351
25367
25383
25396
25401
25409
25414
25421
25432
25479
25504
25536
25549
25555
25560
25600
25621
25632
25639
25653
25683
25702
25720
25764
25800
25832
25857
25876
25906
25925
25941
25942
25966
26003
26018
26032
26045
26083
26114
26129
26160
26193
26208
26226
26251
26262
26274
26284
26290
26305
26309
26314
26326
26336
26347
26357
26365
26375
26384
26406
26420
26432
26443
26460
26471
26481
26501
26527
26533
26538
26548
26566
26601
26630
26649
26661
26681
26701
26720
26731
26743
26759
26773
26796
26816
26836
26847
26863
26869
26889
26911
26931
26947
26962
26973
26992
27001
27014
27034
27035
27041
27058
27067
27088
27108
27118
27126
27133
27148
27157
27165
27181
27194
27201
27213
27230
27239
27253
27262
27269
27284
27295
27298
27315
27326
27339
27352
27363
27368
27371
27380
27384
27399
27410
27424
27455
27459
27467
27474
27484
27503
27524
27541
27558
27571
27576
27588
27597
27604
27609
27614
27622
27641
27657
27669
27681
27689
27695
27698
27718
27728
27743
27767
27776
27789
27812
27836
27843
27857
27875
27887
27907
27916
27937
27958
27969
27986
28003
28020
28031
28041
28063
28069
28077
28085
28107
28113
28134
28151
28170
28178
28185
28205
28221
28226
28258
28271
28293
28300
28309
28324
28334
28351
28366
28380
28408
28416
28425
28442
28453
28459
28464
28476
28483
28487
28505
28514
28522
28534
28548
28554
28569
28575
28589
28606
28614
28618
28626
28639
28650
28665
28672
28703
28721
28728
28741
28786
28798
28820
28839
28847
28872
28888
28900
28922
28942
28957
28975
28984
28988
28992
28995
29010
29015
29027
29038
29051
29059
29067
29089
29110
29128
29137
29159
29182
29192
29217
29243
29283
29333
29336
29341
29349
29356
29368
29377
29380
29394
29416
29437
29474
29504
29522
29546
29571
29598
29612
29642
29690
29728
29738
29752
29765
29784
29816
29860
29874
29894
29952
30002
30024
30049
30077
30084
30100
30132
30179
30202
30239
30259
30282
30313
30325
30348
30363
30424
30432
30439
30458
30474
30492
30504
30513
30525
30540
30551
30559
30572
30589
30629
30637
30671
30686
30701
30716
30755
30773
30781
30812
30825
30847
30871
30882
30915
30928
30943
30959
30970
30995
31008
31026
31045
31067
31080
31109
31137
31167
31171
31189
31203
31208
31214
31222
31238
31253
31278
31311
31337
31357
31368
31394
31412
31425
31458
31464
31481
31500
31506
31520
31538
31546
31550
31554
31569
31592
31607
31612
31627
31631
31665
31673
31695
31718
31733
31740
31745
31754
31765
31788
31805
31810
31824
31829
31842
31870
31875
31885
31901
31910
31918
31931
31950
31959
31974
31992
31997
32006
32016
32033
32048
32063
32092
32096
32110
32117
32137
32147
32154
32171
32186
32189
32198
32206
32212
32232
32235
32249
32270
32290
32298
32308
32325
32342
32361
32373
32381
32392
32413
32419
32429
32438
32442
32458
32465
32471
32486
32512
32522
32530
32539
32553
32565
32577
32591
32603
32622
32631
32673
32690
32705
32726
32745
32769
32773
32788
32799
32814
32827
32836
32843
32863
32881
32888
32901
32907
32924
32939
32956
32980
33000
33009
33044
33071
33093
33099
33106
33116
33135
33145
33152
33162
33185
33205
33220
33233
33248
33258
33275
33280
33285
33293
33313
33324
33339
33354
33370
33387
33399
33405
33426
33440
33452
33463
33483
33493
33519
33548
33556
33585
33598
33605
33612
33640
33654
33673
33694
33710
33727
33754
33760
33767
33772
33789
33792
33805
33829
33842
33868
33895
33915
33939
33952
33959
33990
34015
34036
34047
34063
34081
34123
34130
34137
34152
34179
34188
34199
34210
34230
34248
34277
34298
34319
34343
34356
34361
34383
34402
34415
34433
34442
34455
34473
34477
34493
34509
34520
34548
34555
34568
34573
34595
34611
34625
34642
34649
34668
34689
34692
34697
34706
34719
34731
34736
34741
34750
34755
34762
34771
34787
34806
34818
34831
34850
34873
34887
34895
34901
34909
34913
34923
34928
34936
34940
34946
34964
34979
34994
35002
35009
35020
35037
35042
35052
35059
35068
35081
35089
35103
35123
35142
35162
35166
35174
35178
35187
35193
35197
35200
35208
35213
35222
35252
35267
35283
35308
35322
35338
35345
35351
35358
35364
35376
35398
35403
35433
35448
35453
35457
35464
35471
35484
35509
35515
35526
35529
35532
35540
35546
35558
35570
35579
35584
35598
35606
35614
35623
35644
35650
35665
35673
35686
35693
35705
35714
35732
35744
35768
35798
35834
35849
35889
35892
35919
35943
35953
35963
35967
35985
36032
36050
36109
36113
36142
36162
36166
36191
36204
36228
36231
36241
36260
36274
36292
36301
36339
36414
36432
36458
36470
36501
36534
36566
36645
36655
36664
36699
36728
36731
36781
36787
36791
36814
36854
36867
36887
36899
36905
36960
36980
36991
36997
37002
37014
37036
37083
37089
37102
37109
37116
37121
37145
37200
37207
37228
37245
37257
37276
37289
37298
37311
37342
37352
37359
37371
37390
37408
37416
37430
37433
37452
37458
37479
37493
37498
37502
37506
37510
37544
37553
37591
37602
37614
37660
37665
37681
37684
37696
37701
37732
37747
37781
37785
37803
37821
37827
37843
37857
37873
37884
37916
37931
37949
37966
37987
37991
38018
38031
38060
38065
38088
38102
38119
38130
38139
38149
38164
38176
38182
38192
38201
38223
38241
38255
38294
38298
38305
38308
38314
38319
38323
38326
38338
38361
38372
38378
38416
38424
38442
38470
38476
38479
38486
38491
38496
38508
38517
38525
38532
38539
38552
38561
38566
38571
38574
38579
38586
38591
38609
38627
38634
38641
38649
38652
38660
38668
38675
38679
38688
38705
38713
38721
38728
38738
38747
38761
38766
38770
38778
38786
38790
38809
38812
38859
38910
38950
39001
39052
39059
39081
39093
39114
39123
39129
39135
39141
39144
39157
39169
39179
39182
39208
39213
39222
39229
39239
39260
39293
39337
39361
39365
39377
39393
39407
39418
39435
39446
39456
39487
39497
39527
39546
39582
39607
39614
39626
39659
39668
39687
39707
39729
39752
39760
39770
39775
39786
39807
39814
39836
39844
39884
39889
39895
39903
39908
39929
39939
39956
39966
39972
39976
39983
39992
39995
40000
40010
40014
40016
40018
40024
40035
40041
40057
40079
40092
40106
40109
40117
40122
40147
40160
40177
40187
40200
40229
40255
40279
40303
40313
40321
40327
40340
40345
40382
40421
40437
40446
40450
40481
40494
40501
40508
40512
40535
40558
40570
40581
40586
40607
40623
40634
40639
40644
40678
40699
40732
40766
40778
40819
40833
40859
40882
40913
40938
40946
40962
40986
41010
41024
41047
41064
41093
41115
41136
41144
41153
41184
41227
41251
41260
41288
41310
41342
41361
41370
41384
41403
41445
41456
41486
41507
41533
41559
41574
41594
41634
41653
41659
41680
41689
41712
41740
41758
41771
41778
41803
41809
41828
41872
41903
41931
41949
41962
41988
42013
42032
42045
42065
42081
42090
42094
42100
42109
42118
42123
42128
42143
42152
42155
42164
42171
42185
42197
42208
42218
42227
42232
42259
42274
42291
42304
42308
42333
42352
42372
42387
42393
42411
42418
42473
42488
42506
42513
42529
42549
42557
42563
42571
42580
42591
42612
42637
42681
42699
42732
42769
42791
42801
42827
42844
42852
42868
42896
42903
42906
42917
42928
42941
42947
42953
42962
43002
43023
43050
43071
43082
43096
43121
43147
43165
43168
43172
43182
43193
43205
43215
43243
43252
43259
43277
43301
43315
43336
43348
43375
43396
43402
43408
43449
43459
43492
43511
43534
43566
43582
43601
43636
43652
43685
43693
43712
43734
43749
43763
43806
43821
43828
43847
43864
43915
43928
43952
43959
43965
43984
43998
44024
44073
44079
44085
44087
44100
44110
44126
44130
44145
44159
44164
44167
44176
44179
44201
44207
44218
44245
44266
44273
44299
44304
44311
44335
44341
44352
44353
44375
44386
44397
44405
44416
44431
44443
44453
44489
44512
44540
44577
44606
44635
44643
44666
44681
44702
44731
44738
44781
44787
44796
44811
44813
44826
44828
44842
44845
44851
44861
44893
44910
44921
44927
44931
44938
44943
44957
44978
44992
45023
45052
45121
45127
45184
45203
45219
45226
45232
45238
45245
45261
45276
45284
45298
45323
45326
45346
45358
45364
45410
45423
45445
45455
45468
45480
45510
45529
45534
45555
45575
45578
45589
45615
45626
45635
45658
45669
45687
45699
45704
45714
45723
45732
45748
45762
45779
45804
45815
45819
45833
45844
45855
45883
45901
45911
45924
45938
45948
45951
45968
45978
45982
45996
46006
46013
46023
46032
46050
46058
46062
46066
46080
46085
46094
46123
46142
46158
46168
46180
46208
46223
46239
46253
46265
46283
46314
46323
46328
46348
46351
46364
46392
46424
46440
46463
46470
46481
46491
46521
46550
46577
46587
46595
46608
46636
46643
46655
46663
46676
46704
46713
46718
46730
46743
46765
46783
46814
46829
46846
46861
46867
46887
46903
46936
46945
46956
46982
46990
47007
47026
47042
47071
47079
47092
47101
47113
47119
47138
47144
47162
47174
47191
47199
47208
47213
47230
47258
47284
47299
47317
47324
47347
47376
47384
47399
47416
47430
47450
47461
47473
47486
47505
47510
47537
47543
47550
47563
47587
47595
47613
47630
47658
47675
47688
47705
47710
47718
47745
47766
47782
47800
47835
47841
47846
47869
47882
47897
47917
47923
47929
47946
47958
47980
47995
48014
48026
48053
48073
48085
48098
48120
48135
48158
48170
48178
48183
48225
48237
48249
48256
48265
48293
48301
48323
48356
48382
48396
48418
48442
48482
48499
48514
48521
48531
48535
48553
48582
48587
48592
48610
48614
48636
48643
48659
48673
48683
48694
48705
48724
48728
48741
48767
48789
48806
48852
48873
48886
48907
48910
48924
48931
48942
48959
48982
48998
49004
49012
49022
49060
49071
49074
49091
49110
49118
49130
49140
49183
49194
49202
49206
49217
49233
49261
49273
49281
49287
49306
49330
49338
49370
49381
49402
49408
49442
49468
49480
49490
49513
49523
49532
49541
49558
49574
49583
49605
49619
49636
49648
49664
49665
49698
49738
49749
49762
49792
49810
49811
49858
49893
49926
49938
49962
49980
50005
50013
50021
50025
50037
50059
50066
50083
50107
50124
50133
50156
50178
50199
50221
50233
50245
50261
50277
50291
50297
50304
50308
50313
50326
50351
50365
50368
50396
50411
50425
50433
50441
50452
50463
50485
50500
50528
50549
50569
50605
50625
50657
50690
50709
50738
50757
50774
50801
50810
50825
50835
50838
50849
50859
50893
50926
50935
50946
50951
50961
50975
50983
50996
51018
51052
51083
51123
51141
51161
51167
51178
51183
51214
51234
51255
51275
51287
51310
51324
51340
51349
51353
51364
51374
51388
51394
51407
51414
51418
51427
51459
51467
51476
51482
51489
51525
51550
51563
51590
51594
51631
51645
51656
51670
51694
51709
51726
51757
51773
51793
51808
51828
51848
51856
51866
51892
51898
51904
51907
51913
51931
51941
51954
51998
52011
52024
52027
52038
52049
52059
52071
52086
52093
52097
52114
52123
52156
52178
52192
52201
52216
52240
52260
52317
52326
52352
52371
52378
52398
52420
52459
52486
52506
52530
52542
52565
52594
52602
52609
52621
52635
52655
52661
52667
52682
52684
52690
52731
52739
52758
52789
52795
52800
52819
52830
52851
52880
52884
52885
52890
52908
52919
52924
52940
52956
52978
52988
52999
53009
53024
53042
53052
53060
53075
53107
53120
53131
53163
53307
53352
53360
53414
53438
53456
53484
53506
53522
53551
53559
53602
53612
53625
53630
53644
53648
53664
53678
53693
53696
53741
53753
53769
53795
53802
53846
53855
53874
53885
53904
53930
53953
53983
53988
53995
54000
54015
54046
54081
54089
54099
54111
54154
54166
54185
54230
54239
54256
54285
54292
54303
54318
54357
54367
54384
54411
54423
54438
54451
54464
54477
54482
54491
54522
54538
54551
54558
54578
54583
54600
54619
54628
54652
54669
54693
54702
54710
54723
54743
54769
54816
54847
54864
54874
54891
54895
54912
54925
54961
54978
54994
55001
55009
55013
55025
55038
55070
55077
55084
55093
55109
55125
55142
55163
55169
55180
55189
55204
55218
55229
55237
55245
55277
55284
55289
55294
55318
55347
55358
55368
55377
55380
55388
55409
55424
55432
55439
55444
55465
55475
55498
55506
55529
55535
55542
55546
55560
55585
55618
55651
55691
55721
55738
55766
55778
55803
55812
55825
55837
55852
55868
55914
55925
55934
55950
55962
55975
56008
56037
56071
56079
56093
56102
56111
56117
56124
56150
56160
56166
56171
56174
56182
56194
56218
56226
56231
56250
56265
56281
56306
56326
56345
56355
56358
56371
56380
56391
56413
56423
56430
56441
56450
56463
56469
56475
56479
56490
56496
56499
56514
56523
56531
56541
56557
56560
56569
56583
56615
56631
56646
56658
56672
56684
56698
56704
56717
56720
56734
56749
56758
56772
56785
56798
56806
56814
56837
56843
56857
56881
56891
56899
56903
56914
56923
56939
56948
56969
56996
57009
57013
57023
57043
57065
57072
57096
57108
57111
57118
57126
57156
57170
57191
57203
57218
57228
57238
57253
57281
57292
57300
57339
57357
57372
57393
57408
57437
57450
57453
57456
57461
57476
57489
57498
57514
57522
57528
57533
57544
57568
57579
57589
57608
57617
57639
57642
57665
57678
57695
57709
57713
57729
57749
57764
57785
57825
57831
57851
57880
57894
57902
57922
57939
57959
57964
57971
57979
57987
58001
58015
58033
58044
58049
58067
58092
58109
58118
58121
58135
58143
58149
58157
58175
58196
58219
58235
58242
58254
58272
58290
58307
58314
58317
58334
58350
58362
58371
58377
58400
58413
58426
58435
58438
58449
58462
58476
58497
58501
58514
58525
58544
58563
58578
58587
58601
58618
58636
58644
58653
58668
58683
58687
58696
58703
58708
58714
58723
58741
58750
58759
58765
58767
58774
58787
58800
58824
58831
58845
58857
58872
58878
58890
58916
58926
58934
58943
58957
58971
58982
58994
59016
59021
59023
59031
59047
59061
59070
59087
59102
59113
59119
59128
59141
59145
59155
59170
59186
59190
59200
59205
59210
59236
59240
59257
59260
59273
59286
59293
59301
59314
59320
59340
59357
59374
59379
59382
59387
59394
59400
59410
59424
59436
59445
59457
59470
59485
59496
59506
59519
59534
59539
59547
59574
59582
59596
59604
59608
59618
59621
59631
59648
59654
59671
59684
59710
59736
59747
59764
59776
59796
59799
59813
59826
59840
59856
59861
59890
59910
59927
59932
59944
59952
59961
59969
59988
60010
60029
60052
60071
60086
60097
60104
60125
60140
60148
60161
60175
60184
60195
60200
60215
60233
60241
60280
60306
60331
60338
60345
60350
60378
60413
60424
60451
60480
60505
60521
60543
60559
60570
60580
60602
60624
60637
60645
60684
60698
60719
60738
60750
60782
60788
60808
60820
60834
60889
60912
60930
60969
61000
61052
61089
61114
61143
61178
61190
61213
61236
61270
61285
61302
61315
61325
61346
61364
61380
61399
61415
61424
61433
61445
61471
61490
61510
61531
61541
61558
61576
61598
61609
61619
61624
61632
61645
61655
61683
61697
61711
61734
61750
61780
61802
61826
61838
61850
61866
61878
61892
61929
61946
61960
61966
62008
62029
62051
62097
62120
62150
62171
62182
62202
62231
62245
62281
62294
62336
62365
62379
62414
62444
62478
62506
62550
62561
62569
62593
62634
62645
62672
62690
62712
62719
62726
62738
62746
62803
62822
62831
62846
62853
62871
62889
62898
62905
62912
62918
62926
62934
62950
62966
62978
63026
63034
63045
63069
63084
63095
63130
63157
63191
63194
63198
63217
63229
63234
63241
63264
63272
63283
63298
63307
63314
63319
63339
63354
63361
63367
63388
63408
63435
63463
63483
63489
63514
63525
63531
63536
63548
63555
63580
63621
63662
63671
63693
63715
63729
63745
63758
63766
63790
63815
63834
63845
63891
63927
63936
63958
63965
63983
64009
64029
64041
64054
64061
64066
64072
64082
64093
64121
64191
64205
64220
64243
64296
64332
64349
64357
64388
64408
64458
64463
64500
64520
64556
64575
64605
64632
64643
64658
64670
64691
64707
64731
64767
64774
64804
64830
64870
64878
64892
64933
64960
64974
64990
65007
65042
65061
65086
65095
65100
65108
65123
65128
65137
65145
65161
65173
65184
65200
65217
65245
65281
65297
65301
65320
65329
65355
65366
65373
65381
65410
65437
65445
65450
65461
65469
65479
65486
65493
65505
65536
65560
65579
65595
65616
65623
65632
65652
65670
65681
65704
65719
65726
65734
65751
65782
65791
65811
65822
65850
65886
65921
65949
65969
66008
66043
66078
66103
66116
66125
66142
66159
66168
66195
66215
66222
66234
66253
66264
66281
66315
66341
66357
66383
66405
66426
66443
66450
66475
66504
66518
66556
66573
66608
66628
66659
66690
66698
66721
66729
66744
66761
66781
66811
66846
66873
66886
66898
66912
66930
66935
66950
66974
66983
67007
67014
67025
67059
67083
67099
67117
67135
67161
67184
67198
67208
67223
67229
67257
67260
67277
67298
67336
67348
67366
67371
67386
67391
67399
67418
67438
67446
67459
67468
67476
67499
67512
67528
67535
67548
67555
67559
67569
67579
67589
67599
67605
67614
67623
67640
67654
67662
67667
67672
67683
67703
67720
67726
67739
67749
67756
67769
67773
67779
67795
67828
67834
67854
67863
67889
67894
67909
67913
67919
67922
67925
67935
67960
67993
68006
68012
68024
68028
68043
68048
68056
68066
68089
68099
68107
68128
68151
68159
68202
68230
68247
68263
68273
68277
68299
68315
68321
68334
68350
68357
68363
68372
68377
68402
68411
68425
68428
68441
68456
68464
68470
68482
68490
68499
68513
68519
68525
68532
68538
68551
68556
68563
68582
68587
68598
68638
68641
68648
68656
68673
68688
68695
68699
68710
68720
68727
68733
68739
68753
68756
68762
68773
68795
68801
68805
68823
68829
68841
68854
68859
68867
68883
68896
68911
68932
68946
68963
68978
68992
69013
69036
69052
69069
69085
69108
69125
69157
69169
69178
69200
69214
69239
69268
69284
69293
69310
69319
69332
69336
69341
