4
27
59
79
104
130
147
158
172
235
270
293
307
338
350
391
399
424
431
463
498
518
540
555
572
579
617
646
676
682
714
720
743
761
768
781
807
820
845
861
899
906
929
976
1033
1041
1052
1078
1097
1102
1108
1128
1142
1175
1202
1230
1243
1265
1284
1303
1313
1322
1346
1370
1393
1401
1409
1420
1455
1462
1466
1481
1507
1535
1543
1576
1600
1645
1672
1704
1719
1728
1743
1768
1807
1827
1861
1872
1882
1895
1929
1938
1962
1983
1998
2017
2042
2046
2087
2124
2158
2181
2199
2205
2235
2255
2297
2326
2356
2390
2420
2446
2500
2528
2570
2590
2604
2631
2660
2675
2693
2749
2752
2783
2799
2838
2883
2908
2927
2939
2960
2976
2989
2993
3010
3038
3065
3076
3088
3100
3125
3158
3188
3235
3240
3245
3277
3303
3322
3349
3362
3404
3415
3425
3453
3474
3490
3526
3548
3564
3583
3600
3605
3622
3645
3663
3690
3710
3729
3743
3760
3789
3807
3839
3885
3896
3907
3925
3963
4023
4044
4079
4101
4132
4171
4191
4240
4249
4254
4276
4293
4301
4322
4352
4369
4384
4404
4433
4438
4442
4443
4462
4474
4491
4540
4553
4574
4594
4620
4650
4668
4679
4686
4696
4712
4748
4762
4781
4809
4826
4844
4859
4883
4907
4915
4930
4955
4962
4978
5007
5029
5040
5084
5102
5110
5121
5144
5163
5168
5202
5217
5235
5251
5280
5307
5323
5352
5367
5401
5440
5485
5506
5517
5530
5546
5567
5582
5595
5616
5650
5661
5663
5697
5745
5775
5808
5830
5846
5870
5893
5898
5917
5968
5989
6029
6084
6151
6185
6203
6247
6276
6321
6352
6397
6422
6469
6507
6542
6546
6547
6580
6627
6659
6677
6682
6700
6727
6746
6754
6765
6787
6793
6804
6832
6850
6863
6877
6900
6919
6941
6963
6971
6986
7001
7034
7041
7044
7064
7072
7090
7100
7123
7140
7159
7180
7200
7217
7239
7249
7256
7272
7296
7302
7315
7337
7344
7377
7388
7397
7415
7460
7484
7532
7551
7561
7586
7590
7611
7622
7650
7671
7677
7687
7722
7740
7752
7768
7796
7821
7861
7882
7915
7934
7953
7962
7983
8006
8010
8028
8045
8075
8092
8110
8149
8160
8162
8176
8178
8196
8198
8224
8226
8245
8247
8270
8282
8307
8342
8391
8399
8429
8447
8450
8489
8516
8532
8570
8575
8595
8633
8678
8699
8717
8752
8773
8810
8831
8847
8867
8883
8907
8910
8946
8953
8960
8989
9014
9044
9068
9090
9122
9131
9155
9175
9178
9204
9216
9230
9252
9274
9284
9299
9327
9352
9369
9397
9437
9438
9474
9504
9547
9554
9569
9590
9602
9621
9635
9653
9667
9690
9694
9717
9744
9757
9767
9802
9832
9857
9898
9940
9962
9972
9974
9986
10011
10042
10057
10090
10116
10161
10179
10187
10218
10231
10233
10274
10294
10311
10331
10354
10356
10375
10402
10432
10464
10479
10491
10518
10545
10564
10599
10636
10655
10679
10686
10699
10704
10745
10773
10799
10835
10866
10900
10946
10978
10998
11009
11017
11019
11045
11065
11078
11086
11110
11121
11148
11188
11206
11224
11243
11264
11282
11306
11311
11341
11375
11400
11418
11435
11457
11487
11507
11534
11550
11570
11587
11622
11653
11681
11712
11744
11748
11757
11770
11783
11809
11834
11867
11885
11927
11951
11964
11987
11992
11995
12027
12036
12056
12078
12099
12117
12147
12169
12188
12195
12232
12251
12266
12283
12287
12305
12335
12374
12379
12396
12425
12445
12457
12468
12505
12520
12539
12552
12591
12601
12618
12622
12644
12671
12700
12723
12762
12776
12792
12824
12842
12860
12879
12903
12907
12956
13012
13028
13051
13070
13088
13112
13135
13174
13203
13216
13247
13271
13299
13379
13385
13413
13418
13454
13511
13534
13550
13580
13593
13636
13668
13716
13739
13771
13816
13829
13850
13894
13899
13930
13939
13998
14020
14033
14066
14089
14101
14121
14133
14143
14157
14195
14212
14248
14254
14289
14313
14335
14381
14393
14400
14417
14419
14452
14470
14487
14514
14559
14576
14584
14611
14622
14642
14664
14667
14696
14747
14788
14831
14864
14901
14933
14996
15001
15018
15036
15061
15070
15091
15104
15146
15158
15200
15211
15221
15241
15266
15311
15348
15356
15367
15383
15404
15410
15429
15470
15511
15565
15571
15578
15603
15618
15630
15643
15650
15660
15689
15723
15755
15776
15800
15818
15836
15849
15874
15889
15909
15922
15932
15951
15959
15983
16028
16056
16064
16096
16149
16179
16199
16219
16225
16229
16235
16242
16257
16267
16280
16306
16314
16333
16349
16357
16385
16414
16435
16444
16477
16494
16516
16530
16535
16543
16562
16598
16603
16623
16633
16654
16669
16677
16692
16711
16733
16751
16771
16776
16787
16792
16809
16835
16838
16868
16913
16939
16990
17005
17008
17028
17035
17043
17075
17100
17115
17124
17151
17170
17179
17182
17188
17192
17197
17204
17234
17245
17267
17294
17306
17316
17336
17360
17366
17380
17389
17408
17419
17430
17437
17445
17470
17498
17525
17526
17569
17631
17652
17674
17695
17728
17737
17794
17816
17858
17875
17888
17914
17944
17953
17961
17978
18013
18028
18042
18053
18087
18098
18116
18134
18158
18198
18228
18244
18253
18271
18291
18316
18325
18349
18365
18381
18408
18423
18425
18457
18473
18510
18549
18557
18566
18572
18607
18621
18636
18693
18700
18706
18711
18715
18730
18754
18762
18768
18799
18812
18819
18824
18862
18888
18899
18900
18916
18960
18989
19010
19031
19053
19058
19061
19087
19094
19104
19110
19131
19141
19148
19158
19159
19187
19201
19225
19235
19246
19261
19291
19311
19322
19330
19351
19372
19400
19417
19435
19471
19482
19508
19523
19548
19563
19582
19593
19620
19633
19649
19664
19699
19718
19741
19770
19804
19812
19820
19835
19848
19862
19880
19897
19924
19948
19962
19983
20016
20029
20053
20068
20098
20122
20137
20150
20159
20175
20201
20218
20237
20261
20289
20325
20332
20358
20375
20388
20405
20437
20451
20470
20489
20492
20515
20541
20572
20590
20628
20654
20663
20679
20683
20684
20706
20713
20720
20730
20746
20758
20776
20795
20811
20827
20851
20861
20865
20866
20877
20882
20894
20912
20937
20947
20963
20974
20986
20998
21019
21036
21058
21082
21104
21151
21167
21185
21208
21244
21261
21271
21278
21294
21308
21328
21345
21374
21387
21405
21430
21440
21446
21450
21472
21483
21497
21505
21520
21554
21580
21583
21585
21587
21623
21632
21658
21668
21691
21703
21723
21747
21763
21772
21778
21792
21802
21819
21841
21857
21874
21880
21883
21901
21917
21939
21964
21982
21994
22004
22013
22024
22057
22059
22060
22082
22103
22126
22138
22146
22160
22161
22191
22209
22220
22240
22260
22277
22306
22332
22342
22370
22398
22423
22444
22482
22484
22516
22540
22561
22587
22623
22656
22663
22693
22711
22727
22735
22760
22761
22771
22772
22786
22787
22806
22836
22846
22889
22913
22938
22975
22998
23013
23030
23059
23076
23085
23116
23141
23156
23195
23213
23234
23248
23289
23317
23318
23350
23358
23383
23402
23410
23427
23446
23455
23485
23501
23545
23558
23562
23573
23608
23630
23654
23668
23691
23718
23732
23737
23738
23748
23768
23815
23823
23849
23873
23912
23941
23950
23958
23984
24013
24022
24042
24048
24081
24092
24106
24134
24163
24195
24215
24222
24235
24248
24259
24272
24303
24334
24359
24384
24407
24416
24428
24440
24487
24517
24556
24582
24638
24663
24687
24706
24722
24770
24792
24821
24862
24877
24894
24902
24916
24934
24952
24973
25009
25042
25062
25064
25079
25108
25110
25116
25118
25144
25146
25179
25181
25204
25206
25229
25267
25317
25328
25341
25358
25374
25392
25418
25439
25451
25466
25508
25519
25528
25529
25561
25611
25631
25686
25716
25719
25745
25778
25817
25843
25863
25894
25919
25934
25937
25955
25986
26003
26044
26056
26098
26129
26149
26174
26200
26238
26240
26302
26318
26337
26366
26399
26451
26475
26492
26516
26541
26546
26590
26592
26636
26642
26651
26655
26665
26678
26691
26698
26718
26735
26750
26751
26793
26815
26824
26842
26850
26895
26902
26936
26942
26944
26992
27012
27045
27065
27072
27101
27109
27179
27212
27226
27242
27252
27265
27272
27290
27299
27312
27323
27336
27338
27364
27383
27390
27423
27442
27456
27469
27484
27495
27503
27521
27524
27533
27551
27572
27585
27591
27612
27635
27656
27674
27699
27723
27732
27750
27764
27789
27804
27829
27843
27869
27907
27920
27940
27954
27956
27977
27979
27981
28001
28020
28022
28033
28035
28051
28062
28065
28076
28078
28097
28114
28117
28127
28129
28142
28145
28162
28164
28166
28171
28186
28202
28214
28231
28266
28283
28307
28316
28337
28351
28379
28420
28433
28449
28469
28486
28524
28538
28571
28597
28629
28656
28663
28703
28717
28729
28758
28778
28786
28829
28845
28884
28915
28953
28981
29008
29029
29036
29054
29073
29078
29084
29092
29107
29112
29122
29138
29143
29158
29169
29198
29216
29229
29237
29248
29256
29264
29278
29293
29311
29325
29345
29364
29374
29389
29410
29423
29427
29430
29440
29456
29479
29502
29516
29551
29588
29617
29656
29704
29705
29756
29767
29771
29786
29796
29800
29830
29847
29859
29872
29910
29930
29989
29991
30002
30019
30027
30062
30073
30084
30109
30114
30119
30140
30157
30171
30185
30199
30208
30216
30223
30227
30234
30247
30253
30257
30281
30314
30333
30354
30374
30383
30395
30404
30423
30455
30480
30501
30505
30532
30546
30580
30601
30624
30652
30672
30707
30741
30743
30773
30834
30863
30874
30893
30909
30931
30967
31020
31039
31052
31062
31080
31112
31143
31159
31186
31204
31231
31263
31274
31283
31305
31322
31337
31355
31367
31386
31391
31397
31410
31423
31428
31446
31463
31479
31491
31503
31539
31547
31556
31564
31600
31620
31635
31641
31655
31684
31697
31710
31724
31743
31772
31801
31823
31838
31852
31897
31923
31942
31959
31983
32003
32045
32077
32094
32184
32211
32235
32278
32308
32350
32381
32404
32423
32455
32460
32495
32497
32512
32514
32545
32547
32571
32573
32613
32615
32646
32648
32670
32703
32722
32744
32781
32802
32837
32867
32903
32919
32937
32950
32961
32990
33019
33037
33047
33057
33071
33092
33121
33146
33158
33191
33207
33232
33256
33269
33276
33300
33319
33334
33356
33376
33401
33409
33452
33467
33500
33517
33543
33564
33610
33624
33637
33666
33681
33690
33709
33720
33733
33757
33785
33802
33815
33844
33870
33890
33904
33932
33956
33981
33999
34025
34054
34059
34063
34094
34100
34132
34154
34174
34198
34200
34206
34229
34247
34278
34309
34362
34381
34386
34390
34400
34410
34440
34464
34485
34505
34520
34540
34556
34558
34562
34584
34604
34628
34631
34636
34654
34678
34694
34722
34750
34764
34766
34770
34801
34816
34851
34872
34902
34916
34933
34955
34973
34983
34994
35001
35025
35059
35103
35109
35113
35145
35160
35182
35206
35223
35244
35280
35324
35352
35355
35359
35409
35444
35518
35521
35525
35551
35577
35582
35586
35604
35628
35653
35669
35702
35705
35718
35722
35752
35776
35812
35845
35879
35889
35902
35933
35968
35994
36025
36041
36057
36059
36063
36083
36103
36113
36127
36140
36142
36147
36173
36183
36198
36215
36217
36221
36235
36265
36293
36301
36314
36320
36324
36362
36397
36419
36426
36441
36457
36480
36506
36526
36530
36534
36570
36602
36618
36646
36682
36720
36721
36725
36740
36749
36754
36770
36772
36776
36810
36837
36853
36861
36886
36903
36931
36934
36938
36984
37005
37029
37048
37053
37073
37098
37163
37190
37227
37233
37235
37239
37259
37275
37297
37320
37329
37333
37337
37349
37363
37393
37395
37399
37423
37433
37464
37483
37519
37521
37525
37546
37571
37580
37585
37590
37618
37646
37665
37680
37707
37726
37749
37778
37824
37827
37843
37863
37865
37880
37892
37900
37913
37937
37939
37959
37969
37992
37994
38011
38038
38047
38049
38067
38109
38133
38189
38192
38215
38245
38283
38334
38357
38359
38371
38381
38394
38404
38413
38434
38450
38470
38488
38501
38525
38539
38563
38567
38602
38606
38614
38623
38655
38670
38705
38730
38745
38765
38785
38806
38821
38834
38854
38867
38886
38888
38901
38913
38953
38982
38998
39010
39029
39051
39083
39107
39110
39119
39153
39165
39185
39198
39206
39219
39224
39242
39247
39300
39316
39379
39451
39455
39463
39472
39510
39544
39589
39607
39641
39680
39705
39740
39803
39831
39835
39844
39881
39910
39932
39945
39962
39965
39974
39994
40012
40038
40055
40079
40116
40118
40122
40135
40161
40169
40172
40176
40188
40204
40213
40238
40255
40272
40277
40289
40318
40330
40343
40346
40350
40374
40396
40408
40423
40446
40466
40478
40490
40505
40511
40515
40556
40586
40617
40619
40623
40638
40660
40673
40712
40731
40771
40774
40778
40796
40800
40807
40828
40850
40855
40871
40874
40881
40907
40922
40947
40956
40965
40991
40996
41003
41032
41053
41071
41086
41088
41095
41117
41134
41153
41184
41227
41237
41248
41253
41260
41278
41287
41291
41298
41326
41352
41375
41380
41387
41414
41425
41448
41460
41463
41470
41490
41505
41528
41556
41574
41584
41586
41593
41630
41665
41692
41729
41754
41780
41801
41806
41813
41843
41874
41876
41888
41894
41901
41912
41920
41934
41947
41979
41993
42013
42044
42056
42066
42069
42083
42086
42100
42127
42130
42155
42159
42166
42179
42185
42187
42202
42213
42223
42236
42253
42279
42314
42324
42327
42350
42364
42377
42384
42393
42405
42418
42423
42444
42471
42474
42502
42541
42546
42554
42591
42620
42648
42669
42673
42680
42697
42714
42725
42741
42769
42859
42874
42880
42884
42911
42932
42960
42979
42999
43020
43053
43083
43086
43109
43131
43143
43170
43193
43220
43239
43248
43287
43315
43335
43346
43359
43378
43417
43445
43489
43517
43527
43534
43560
43580
43610
43628
43645
43675
43692
43722
43745
43748
43770
43786
43809
43825
43847
43893
43909
43922
43993
44003
44020
44039
44077
44101
44108
44129
44156
44168
44201
44219
44239
44240
44266
44280
44328
44347
44370
44382
44405
44418
44442
44451
44463
44493
44507
44513
44541
44568
44581
44610
44625
44641
44645
44691
44724
44755
44778
44822
44836
44866
44891
44914
44927
44944
44963
44972
44997
45025
45030
45031
45050
45075
45086
45097
45123
45163
45191
45222
45245
45264
45285
45298
45305
45311
45325
45333
45344
45365
45382
45419
45445
45464
45476
45487
45536
45577
45603
45622
45648
45673
45694
45712
45738
45785
45807
45813
45873
45911
45946
45967
46036
46072
46108
46150
46174
46185
46211
46254
46273
46288
46317
46339
46379
46395
46414
46430
46471
46484
46490
46529
46586
46592
46612
46636
46660
46713
46752
46780
46831
46876
46902
46959
46989
47036
47052
47085
47115
47152
47171
47201
47218
47252
47263
47286
47313
47347
47375
47407
47413
47446
47454
47506
47520
47558
47587
47624
47660
47663
47691
47702
47712
47740
47764
47782
47808
47831
47839
47868
47877
47888
47903
47927
47952
47977
47998
48021
48033
48047
48055
48092
48108
48131
48171
48219
48257
48311
48352
48376
48406
48431
48440
48466
48493
48519
48537
48558
48570
48572
48608
48622
48650
48668
48696
48720
48748
48781
48798
48824
48856
48882
48910
48938
48952
48986
49009
49059
49070
49073
49097
49142
49169
49184
49237
49258
49268
49302
49324
49350
49377
49412
49440
49462
49475
49478
49508
49542
49548
49595
49610
49645
49670
49689
49737
49763
49775
49789
49816
49856
49918
49938
49954
49965
49980
50015
50036
50051
50089
50117
50120
50133
50152
50166
50200
50215
50227
50237
50288
50327
50343
50356
50359
50366
50379
50408
50413
50422
50434
50438
50462
50465
50468
50471
50495
50501
50528
50551
50565
50581
50601
50613
50629
50653
50675
50685
50692
50698
50706
50715
50745
50774
50787
50797
50805
50826
50841
50849
50871
50900
50908
50926
50958
50964
50974
50986
51000
51017
51028
51038
51061
51082
51092
51106
51121
51129
51145
51163
51196
51208
51233
51261
51274
51290
51310
51327
51337
51362
51369
51383
51387
51398
51431
51452
51471
51488
51500
51512
51537
51593
51607
51625
51651
51662
51670
51684
51719
51732
51743
51759
51763
51798
51819
51829
51849
51858
51869
51885
51902
51928
51929
51956
51971
52012
52033
52076
52107
52114
52140
52164
52168
52212
52261
52273
52295
52311
52312
52314
52340
52354
52368
52379
52400
52404
52435
52447
52463
52478
52509
52538
52546
52557
52589
52619
52647
52676
52680
52692
52711
52739
52762
52779
52801
52830
52854
52862
52879
52912
52925
52926
52929
52940
52950
53002
53008
53043
53069
53076
53096
53116
53152
53168
53175
53213
53217
53241
53261
53307
53343
53367
53373
53379
53388
53421
53439
53467
53471
53498
53519
53550
53565
53578
53612
53634
53638
53685
53702
53750
53768
53819
53845
53872
53902
53966
53985
54010
54015
54042
54052
54086
54100
54117
54152
54159
54178
54195
54234
54238
54265
54287
54309
54318
54346
54377
54397
54416
54450
54473
54493
54511
54514
54557
54577
54614
54657
54705
54785
54832
54882
54949
54983
54992
55006
55030
55072
55098
55152
55185
55196
55226
55259
55273
55327
55336
55350
55370
55389
55450
55481
55501
55548
55620
55644
55647
55691
55729
55758
55784
55832
55905
55931
55969
55988
56003
56008
56048
56069
56117
56136
56164
56195
56235
56247
56283
56292
56330
56393
56416
56431
56459
56470
56505
56514
56544
56573
56592
56603
56623
56653
56681
56704
56771
56807
56824
56838
56877
56895
56907
56922
56935
56949
56964
56987
57025
57028
57048
57058
57092
57098
57113
57122
57137
57146
57167
57191
57212
57227
57242
57271
57295
57328
57331
57373
57403
57428
57456
57461
57484
57504
57548
57582
57621
57643
57698
57717
57751
57792
57813
57832
57846
57861
57924
57950
57973
57990
57998
58029
58057
58060
58064
58108
58113
58140
58160
58222
58250
58278
58310
58339
58347
58379
58396
58418
58442
58463
58527
58534
58553
58559
58603
58618
58670
58673
58697
58705
58771
58776
58792
58833
58876
58901
58921
58933
58946
58952
58959
58979
58995
59014
59024
59041
59048
59062
59078
59085
59099
59101
59137
59143
59149
59168
59170
59174
59186
59188
59194
59210
59212
59218
59228
59235
59242
59244
59251
59315
59341
59342
59391
59409
59450
59462
59472
59481
59502
59520
59529
59544
59560
59578
59598
59624
59644
59651
59670
59682
59699
59730
59754
59784
59788
59812
59842
59869
59872
59894
59939
59949
59961
59972
59983
59990
60028
60040
60059
60075
60117
60128
60181
60212
60215
60245
60272
60291
60302
60323
60344
60366
60404
60425
60442
60495
60520
60536
60552
60557
60586
60623
60633
60638
60666
60673
60682
60709
60744
60768
60781
60809
60844
60861
60884
60915
60942
60949
60960
60978
61005
61020
61045
61052
61092
61094
61122
61149
61162
61172
61208
61228
61250
61266
61309
61331
61375
61390
61433
61445
61464
61467
61494
61504
61522
61545
61559
61574
61603
