12
33
70
112
131
167
196
233
256
282
308
343
381
408
434
454
475
486
514
531
537
541
562
579
597
608
619
627
650
672
706
714
729
737
748
755
759
777
783
791
796
803
806
817
845
846
867
893
916
942
956
989
995
999
1003
1008
1020
1039
1050
1055
1078
1085
1089
1096
1122
1137
1143
1158
1185
1196
1222
1243
1265
1299
1326
1351
1373
1384
1425
1437
1443
1464
1490
1511
1536
1564
1594
1619
1651
1719
1751
1786
1799
1818
1848
1854
1866
1889
1902
1947
1963
1998
2044
2055
2079
2115
2160
2195
2239
2256
2284
2290
2330
2351
2389
2409
2433
2475
2486
2515
2573
2593
2609
2656
2708
2728
2751
2764
2766
2772
2797
2830
2837
2850
2890
2947
2959
2965
2994
3017
3053
3079
3100
3127
3132
3140
3147
3156
3175
3194
3249
3273
3299
3348
3402
3430
3469
3496
3504
3538
3547
3558
3610
3626
3630
3654
3689
3715
3723
3730
3741
3764
3790
3806
3834
3841
3844
3870
3899
3933
3946
3966
3985
4009
4018
4062
4089
4097
4115
4124
4131
4147
4152
4168
4172
4180
4196
4233
4247
4290
4294
4297
4318
4339
4369
4388
4406
4418
4436
4451
4489
4520
4538
4566
4586
4591
4597
4603
4608
4621
4643
4668
4669
4693
4715
4722
4737
4758
4824
4855
4886
4919
5013
5053
5073
5081
5144
5187
5200
5211
5223
5234
5263
5287
5305
5316
5365
5407
5424
5453
5457
5553
5566
5572
5628
5641
5670
5708
5771
5839
5861
5893
5914
5921
5939
6010
6042
6075
6099
6119
6148
6188
6211
6220
6221
6236
6265
6313
6356
6393
6404
6466
6494
6521
6570
6594
6640
6651
6681
6709
6714
6725
6769
6790
6815
6843
6863
6896
6902
6936
6943
6962
6978
6984
6993
7000
7081
7117
7140
7165
7166
7180
7227
7252
7261
7273
7291
7309
7347
7357
7377
7390
7412
7451
7455
7474
7511
7518
7533
7567
7583
7607
7643
7661
7680
7695
7744
7759
7795
7803
7811
7842
7861
7899
7946
7997
8004
8018
8034
8057
8068
8075
8093
8112
8123
8130
8175
8226
8234
8240
8248
8258
8268
8292
8324
8328
8351
8369
8389
8405
8414
8449
8464
8479
8488
8501
8516
8536
8542
8550
8559
8601
8639
8650
8660
8674
8699
8717
8724
8731
8738
8748
8778
8793
8805
8814
8822
8854
8864
8883
8896
8915
8985
9016
9037
9080
9109
9118
9156
9177
9196
9205
9212
9238
9245
9271
9291
9305
9323
9332
9349
9360
9377
9392
9402
9422
9432
9443
9454
9470
9487
9503
9519
9545
9551
9565
9566
9590
9601
9608
9629
9667
9694
9713
9724
9750
9809
9833
9847
9858
9896
9909
9921
9945
9964
9986
10002
10022
10043
10057
10084
10089
10093
10106
10124
10145
10170
10190
10208
10221
10232
10250
10268
10286
10302
10326
10370
10381
10408
10417
10451
10461
10482
10488
10493
10502
10524
10552
10580
10600
10610
10621
10647
10656
10664
10669
10681
10700
10732
10762
10784
10814
10824
10840
10850
10870
10881
10911
10928
10946
10974
10978
10990
11012
11029
11044
11063
11079
11096
11116
11126
11149
11160
11174
11198
11226
11246
11251
11267
11289
11295
11353
11366
11371
11381
11394
11406
11450
11472
11478
11484
11503
11542
11575
11586
11606
11618
11621
11645
11663
11673
11676
11685
11692
11695
11703
11711
11727
11742
11762
11782
11795
11808
11823
11834
11847
11867
11892
11912
11930
11941
11946
11973
11988
12001
12022
12029
12107
12144
12203
12212
12253
12281
12290
12299
12309
12327
12359
12368
12384
12392
12408
12418
12426
12444
12489
12511
12526
12563
12582
12588
12616
12659
12669
12672
12684
12694
12714
12721
12733
12762
12784
12809
12814
12821
12844
12869
12880
12916
12949
12981
13017
13039
13055
13072
13081
13107
13130
13136
13156
13169
13183
13211
13230
13248
13251
13261
13287
13297
13330
13337
13374
13400
13409
13422
13440
13454
13482
13501
13524
13532
13552
13566
13598
13621
13635
13641
13660
13672
13698
13714
13731
13744
13755
13793
13802
13813
13828
13831
13840
13878
13912
13936
13955
13973
13989
13995
13998
14038
14054
14064
14067
14087
14109
14146
14188
14219
14234
14248
14280
14301
14355
14383
14403
14431
14443
14456
14472
14503
14535
14550
14563
14570
14577
14588
14593
14604
14614
14639
14678
14698
14717
14728
14742
14759
14769
14784
14794
14818
14822
14840
14847
14863
14878
14896
14915
14926
14935
14961
14968
14978
14984
14994
15022
15035
15052
15059
15068
15109
15129
15146
15154
15170
15186
15213
15220
15255
15270
15308
15316
15338
15350
15387
15401
15410
15418
15428
15448
15461
15478
15489
15493
15502
15510
15521
15562
15567
15573
15587
15599
15603
15620
15625
15641
15647
15655
15666
15674
15692
15697
15709
15727
15753
15759
15768
15789
15800
15816
15828
15839
15844
15856
15865
15879
15900
15908
15922
15928
15938
15955
15984
16008
16015
16022
16042
16060
16072
16083
16098
16109
16118
16130
16140
16143
16159
16167
16173
16179
16185
16196
16207
16218
16242
16247
16253
16257
16263
16272
16283
16294
16308
16319
16330
16337
16349
16369
16419
16426
16448
16489
16518
16524
16543
16560
16579
16592
16605
16622
16629
16636
16642
16650
16658
16670
16674
16688
16695
16700
16709
16726
16743
16754
16765
16779
16782
16802
16821
16855
16864
16875
16885
16893
16902
16916
16922
16932
16939
16944
16950
16957
16971
16976
16982
16991
17012
17029
17054
17085
17115
17134
17187
17209
17230
17285
17326
17357
17366
17384
17403
17435
17485
17540
17568
17588
17660
17691
17717
17749
17780
17824
17857
17881
17915
17950
17972
18008
18035
18056
18121
18161
18200
18235
18268
18316
18348
18368
18403
18467
18517
18562
18572
18616
18651
18683
18734
18762
18780
18799
18862
18902
18921
18967
18999
19021
19050
19096
19123
19166
19182
19238
19266
19279
19313
19362
19382
19409
19435
19461
19486
19491
19514
19553
19588
19616
19634
19655
19699
19747
19782
19801
19841
19881
19915
19946
19974
20020
20054
20095
20123
20160
20164
20204
20236
20243
20272
20282
20320
20334
20349
20386
20421
20440
20470
20493
20514
20522
20525
20560
20583
20602
20624
20638
20667
20696
20718
20726
20732
20744
20771
20787
20813
20851
20870
20899
20918
20952
20958
21001
21030
21043
21071
21098
21110
21119
21126
21132
21146
21176
21209
21234
21266
21288
21306
21322
21342
21359
21381
21388
21393
21407
21418
21440
21455
21477
21526
21560
21571
21574
21577
21581
21617
21670
21694
