111
130
166
195
232
255
281
307
342
407
433
474
485
513
530
536
540
561
578
618
626
649
671
705
713
728
736
747
776
782
790
805
816
866
892
915
941
955
988
994
998
1002
1007
1019
1038
1049
1054
1077
1088
1095
1121
1136
1142
1157
1184
1195
1221
1242
1264
1350
1372
1383
1424
1436
1442
1463
1489
1535
1563
1618
1650
1718
1750
1785
1798
1817
1847
1865
1888
1901
1946
1962
1997
2043
2054
2078
2114
2159
2194
2238
2255
2283
2289
2329
2350
2388
2408
2432
2474
2485
2514
2572
2592
2608
2655
2707
2727
2750
2763
2765
2771
2796
2829
2836
2849
2889
2958
2964
2993
3052
3078
3099
3126
3131
3139
3155
3193
3248
3272
3298
3347
3401
3429
3468
3503
3537
3546
3557
3609
3629
3653
3688
3714
3722
3729
3740
3763
3789
3833
3843
3869
3898
3932
3945
3965
3984
4017
4061
4088
4096
4114
4130
4151
4171
4179
4195
4232
4289
4338
4417
4488
4519
4537
4565
4585
4596
4607
4620
4642
4667
4692
4721
4736
4854
5012
5052
5072
5080
5143
5199
5222
5233
5262
5286
5304
5315
5364
5406
5423
5552
5565
5627
5640
5669
5707
5770
5838
5860
5892
5913
5920
5938
6009
6074
6098
6118
6147
6187
6210
6219
6235
6264
6392
6403
6493
6520
6569
6593
6639
6768
6789
6814
6842
6862
6895
6901
6935
6942
6961
6992
6999
7080
7116
7139
7164
7179
7226
7251
7272
7290
7308
7346
7356
7376
7389
7411
7450
7473
7510
7517
7532
7566
7582
7642
7679
7694
7898
7945
7996
8003
8017
8033
8056
8067
8074
8092
8111
8122
8129
8174
8225
8233
8239
8247
8257
8267
8291
8323
8327
8350
8368
8388
8404
8413
8448
8487
8500
8515
8541
8549
8558
8638
8649
8659
8698
8716
8723
8730
8737
8747
8777
8792
8804
8813
8821
8853
8863
8882
8895
8914
8984
9015
9036
9079
9108
9117
9155
9195
9204
9211
9237
9244
9270
9290
9304
9322
9331
9348
9359
9376
9391
9401
9421
9431
9442
9453
9486
9502
9518
9544
9550
9564
9589
9600
9607
9628
9666
9693
9712
9723
9832
9846
9857
9895
9908
9920
9944
9985
10001
10021
10042
10056
10083
10092
10105
10123
10144
10169
10207
10220
10249
10267
10301
10325
10369
10380
10407
10416
10450
10460
10481
10487
10492
10501
10523
10551
10579
10609
10620
10646
10655
10663
10668
10680
10699
10731
10761
10783
10813
10823
10839
10849
10869
10880
10910
10927
10945
10973
10977
10989
11011
11028
11043
11062
11095
11125
11148
11159
11173
11197
11225
11245
11250
11288
11352
11370
11380
11393
11405
11449
11471
11477
11483
11502
11541
11574
11585
11605
11620
11644
11662
11675
11684
11694
11702
11710
11726
11741
11761
11781
11807
11833
11846
11866
11891
11911
11929
11940
11945
11972
11987
12000
12021
12028
12106
12143
12202
12211
12252
12280
12298
12308
12326
12358
12367
12391
12407
12443
12488
12510
12525
12562
12615
12658
12671
12683
12693
12713
12732
12761
12783
12813
12820
12868
12879
12915
12948
12980
13016
13038
13054
13071
13080
13106
13129
13135
13155
13182
13210
13229
13250
13286
13296
13329
13336
13373
13399
13408
13421
13481
13500
13531
13551
13565
13597
13620
13640
13671
13743
13754
13792
13812
13830
13839
13877
13911
13935
13954
13972
13997
14037
14053
14066
14086
14108
14145
14187
14218
14233
14247
14279
14382
14402
14430
14442
14455
14471
14502
14534
14549
14562
14569
14576
14587
14592
14603
14638
14677
14697
14716
14727
14741
14768
14793
14817
14821
14839
14862
14877
14895
14914
14925
14934
14960
14967
14983
14993
15021
15034
15051
15058
15067
15108
15128
15145
15153
15169
15185
15212
15219
15254
15269
15307
15315
15337
15349
15386
15400
15417
15427
15447
15460
15477
15488
15492
15501
15509
15520
15561
15566
15572
15586
15598
15602
15619
15624
15646
15654
15665
15673
15691
15696
15708
15726
15752
15758
15767
15788
15799
15815
15838
15843
15864
15899
15907
15921
15927
15954
15983
16007
16021
16059
16071
16082
16097
16108
16117
16129
16142
16158
16166
16172
16184
16195
16206
16241
16252
16256
16262
16271
16282
16293
16307
16318
16329
16336
16368
16418
16425
16447
16488
16517
16523
16542
16559
16578
16591
16604
16621
16628
16635
16649
16657
16687
16694
16699
16708
16725
16742
16753
16764
16781
16801
16820
16854
16874
16884
16892
16901
16915
16938
16943
16956
16970
16975
16981
16990
17011
17028
17053
17084
17114
17133
17208
17229
17284
17325
17356
17365
17383
17402
17434
17484
17539
17567
17587
17659
17690
17716
17748
17779
17823
17856
17880
17949
17971
18007
18034
18055
18120
18160
18199
18234
18267
18315
18347
18367
18402
18466
18516
18561
18571
18615
18650
18682
18733
18761
18779
18798
18861
18901
18920
18966
19020
19049
19095
19122
19165
19181
19237
19265
19278
19312
19361
19381
19408
19460
19485
19513
19552
19587
19615
19633
19654
19698
19746
19781
19800
19840
19880
19914
19945
19973
20019
20053
20094
20122
20159
20163
20203
20235
20271
20281
20319
20348
20385
20420
20469
20492
20513
20524
20559
20582
20601
20623
20637
20666
20695
20717
20731
20770
20786
20812
20850
20869
20898
20917
20951
21000
21029
21042
21070
21097
21109
21118
21125
21131
21175
21208
21233
21265
21287
21305
21321
21341
21380
21392
21406
21417
21439
21476
21525
21559
21570
21616
21669
21693
